,0
0,0.0
1,-0.00027021762972623264
2,-0.0010303928657506845
3,-0.0023169871032351352
4,-0.004128867519391122
5,-0.00636469313294441
6,-0.009126452574200528
7,-0.012368694290771032
8,-0.01604595935287989
9,-0.02000903325161829
10,-0.02447749578376346
11,-0.029300418647302706
12,-0.0342868043628215
13,-0.03969360187139159
14,-0.04535521156085309
15,-0.051205981986349514
16,-0.05706343021123672
17,-0.06320333077469797
18,-0.06942888378596024
19,-0.0756831577652548
20,-0.08180379267091809
21,-0.08805240897148536
22,-0.09425306835586156
23,-0.10037151343730955
24,-0.10627675287118876
25,-0.11220406055513621
26,-0.11803261154845757
27,-0.12375614756498265
28,-0.1293760854306285
29,-0.134823526514964
30,-0.14029493929173498
31,-0.1457202856462132
32,-0.15111484279815102
33,-0.15649457025359936
34,-0.16181029431825777
35,-0.16723389643860997
36,-0.17270795516596849
37,-0.17824145080999187
38,-0.18376422014196692
39,-0.189438589439753
40,-0.19520415987473427
41,-0.20105607969413342
42,-0.20698459516165713
43,-0.21289416966656916
44,-0.2189578002586714
45,-0.2250819075624051
46,-0.2312466320843356
47,-0.23743048751382645
48,-0.24353096694338205
49,-0.2497185510222124
50,-0.25588951684220973
51,-0.2620246372222681
52,-0.2681073944236587
53,-0.2740517696685103
54,-0.28001368877822586
55,-0.2859180487766153
56,-0.29179903121974604
57,-0.2976577866113814
58,-0.3034912368506326
59,-0.3092415072771715
60,-0.3150414117670337
61,-0.320824607402038
62,-0.32658868866436563
63,-0.3323320081255474
64,-0.33799860152721806
65,-0.34370930607294525
66,-0.34940855042568586
67,-0.35509497184111183
68,-0.36076742599606604
69,-0.3664247209393139
70,-0.3720197981111255
71,-0.377660689307028
72,-0.3832961772485177
73,-0.38892485718423586
74,-0.3945458747313637
75,-0.40010937949183756
76,-0.4057197846846208
77,-0.4113309984964104
78,-0.4169419724750867
79,-0.42255146029609136
80,-0.4281576295009373
81,-0.43371206327707057
82,-0.4393199177324689
83,-0.44493210064965893
84,-0.45054702977521544
85,-0.45616277622615087
86,-0.46177714968129635
87,-0.46734266226297194
88,-0.47296533895390525
89,-0.47859302021760186
90,-0.4842235120599838
91,-0.48985438077101406
92,-0.4954313068573768
93,-0.5010637381037597
94,-0.5067016352445677
95,-0.5123425924499116
96,-0.5179840207099247
97,-0.5236230366526868
98,-0.52920517672014
99,-0.5348425388791753
100,-0.5404818781875491
