,0
0,0.0
1,-0.0012325441418568062
2,-0.004793935054763665
3,-0.010819793828176216
4,-0.019069412737010794
5,-0.02975598222836595
6,-0.04250725410265943
7,-0.05761497762448187
8,-0.07457522050067666
9,-0.09375676905798969
10,-0.11452905470272867
11,-0.13732841864391787
12,-0.16141722056872254
13,-0.1872704462031578
14,-0.2140933283319839
15,-0.24233421951463185
16,-0.2715244205890457
17,-0.3011176199875081
18,-0.33162074113529627
19,-0.36212643781701104
20,-0.39312368682946897
21,-0.42410791090057387
22,-0.4545628226826608
23,-0.4849785225710974
24,-0.5148846585045277
25,-0.543898711781921
26,-0.5724884663055008
27,-0.6003252602222204
28,-0.6271725004953055
29,-0.6534821136542064
30,-0.6790986007432736
31,-0.7040644002471055
32,-0.7283577780854245
33,-0.7523967370935907
34,-0.7761287085949959
35,-0.7995476831315642
36,-0.8230572325090009
37,-0.8466248623488326
38,-0.8702081535506352
39,-0.8941761309213803
40,-0.9184636437947091
41,-0.9429592520959176
42,-0.968001457117353
43,-0.9934635573306565
44,-1.0191579001147062
45,-1.0453994557088748
46,-1.071997454213843
47,-1.0987015047581679
48,-1.1258015276907543
49,-1.1530662658962427
50,-1.1803736277410053
51,-1.2074978823899585
52,-1.2346917100822026
53,-1.2616793371908983
54,-1.2882232153558704
55,-1.3141968878452701
56,-1.3398544903079284
57,-1.3653540968191749
58,-1.3905723663084473
59,-1.4157894964457682
60,-1.4408498836551331
61,-1.4656180600199775
62,-1.490355691390306
63,-1.514945162935149
64,-1.539370558261382
65,-1.5635238545980172
66,-1.5876403789477962
67,-1.6116121335604419
68,-1.6354307585633308
69,-1.6590083056707812
70,-1.682554869808257
71,-1.7059734149221413
72,-1.7292604850551072
73,-1.7523457757110066
74,-1.77541185943889
75,-1.7983770195873348
76,-1.8212377867914995
77,-1.8439331578095732
78,-1.866630571912026
79,-1.889254241203929
80,-1.9117289084192493
81,-1.934215085434417
82,-1.956656254283871
83,-1.9790457161993231
84,-2.0013119503295513
85,-2.023617303252621
86,-2.045896437804032
87,-2.068145664680358
88,-2.0902909743669937
89,-2.1124963920767215
90,-2.1346918551901553
91,-2.156870544186887
92,-2.1789588942457527
93,-2.2011227230791803
94,-2.2232865300940574
95,-2.2454416001691158
96,-2.267511956119577
97,-2.2896688076235563
98,-2.3118288202962702
99,-2.3339808937538606
100,-2.356050500979336
