,0
0,0.0
1,-0.0001048973737738379
2,-0.0004079944727459761
3,-0.0009208335172896653
4,-0.0016229287435765016
5,-0.002532424019435986
6,-0.0036176386470350153
7,-0.004903402351018826
8,-0.00634682727665048
9,-0.007979299494295766
10,-0.009747153591721514
11,-0.011687524990972697
12,-0.013737635793080294
13,-0.015937910315162895
14,-0.018220708794212115
15,-0.020624188894862172
16,-0.023108461326727614
17,-0.02562703148830181
18,-0.02822304179874635
19,-0.030819271303575313
20,-0.03345733504931747
21,-0.03609429028941147
22,-0.038686197675117384
23,-0.04127476787839157
24,-0.04381997093655343
25,-0.04628925206654788
26,-0.04872242266429705
27,-0.0510915115082744
28,-0.05337638302087555
29,-0.055615499034400884
30,-0.05779562559517348
31,-0.05992037448911347
32,-0.06198789600727128
33,-0.06403376485903056
34,-0.06605350711446878
35,-0.06804661133034529
36,-0.0700474240433202
37,-0.07205317977436998
38,-0.07406026838728863
39,-0.07610009624862801
40,-0.07816711862082482
41,-0.08025185124220702
42,-0.08238310273339344
43,-0.0845500899855871
44,-0.08673684256295378
45,-0.08897016644330868
46,-0.09123382589054163
47,-0.09350651104325092
48,-0.09581289597368237
49,-0.09813329922521064
50,-0.10045733002051183
51,-0.10276577722467728
52,-0.10508014553891165
53,-0.10737696486731174
54,-0.10963601832816128
55,-0.11184654364640956
56,-0.11403016938791133
57,-0.11620034866546014
58,-0.11834658436667489
59,-0.12049272310177006
60,-0.12262552201320265
61,-0.12473345191659391
62,-0.12683878224598644
63,-0.1289315032285252
64,-0.13101026027756468
65,-0.13306585996579035
66,-0.13511833012321528
67,-0.13715847945195314
68,-0.13918559647347717
69,-0.14119219622730395
70,-0.14319615913261696
71,-0.14518922680188506
72,-0.14717110511107556
73,-0.14913581069881054
74,-0.15109888165437546
75,-0.1530533633691311
76,-0.1549989605780029
77,-0.15693048151571176
78,-0.15886217633293942
79,-0.1607875949960773
80,-0.1627003326314238
81,-0.16461404982420547
82,-0.16652393653479702
83,-0.16842942265526162
84,-0.1703244213046462
85,-0.1722227492129873
86,-0.17411884577055492
87,-0.176012396994075
88,-0.1778971042014481
89,-0.17978692698525478
90,-0.18167590256937594
91,-0.18356345056909973
92,-0.1854433101485755
93,-0.18732959345354772
94,-0.18921587490162484
95,-0.19110141278035186
96,-0.19297974094634895
97,-0.19486543043604598
98,-0.19675138896138566
99,-0.19863667180884015
100,-0.2005149362535592
