,0
0,0.0
1,-0.0004108480472808651
2,-0.0015979783515938095
3,-0.003606597942727774
4,-0.006356470912340484
5,-0.009918660742791019
6,-0.014169084700888845
7,-0.019204992541496324
8,-0.024858406833555335
9,-0.031252256352662044
10,-0.038176351567582145
11,-0.04577613954797144
12,-0.05380574018957063
13,-0.062423482067718083
14,-0.07136444277733389
15,-0.08077807317155106
16,-0.09050814019635922
17,-0.1003725399958455
18,-0.11054024704509402
19,-0.12070881260567745
20,-0.1310412289431575
21,-0.14136930363352818
22,-0.15152094089421553
23,-0.16165950752370506
24,-0.17162821950149976
25,-0.18129957059397483
26,-0.19082948876849315
27,-0.20010842007406993
28,-0.20905750016510183
29,-0.21782737121807472
30,-0.22636620024776377
31,-0.23468813341570183
32,-0.24278592602848192
33,-0.2507989123645409
34,-0.25870956953167124
35,-0.26651589437718926
36,-0.27435241083633244
37,-0.2822082874496168
38,-0.2900693845168796
39,-0.29805871030712083
40,-0.3061545479315697
41,-0.3143197506986404
42,-0.3226671523724569
43,-0.33115451911021765
44,-0.3397193000382437
45,-0.3484664852362904
46,-0.357332484737956
47,-0.3662338349193952
48,-0.3752671758969228
49,-0.38435542196541306
50,-0.39345787591367554
51,-0.402499294129985
52,-0.41156390336073656
53,-0.42055977906364106
54,-0.4294077384519639
55,-0.43806562928176973
56,-0.4466181634359856
57,-0.45511803227305947
58,-0.4635241221028217
59,-0.47192983214859296
60,-0.4802832945517146
61,-0.48853935333999843
62,-0.4967852304634448
63,-0.5049817209783853
64,-0.5131235194204677
65,-0.5211746181993462
66,-0.529213459649263
67,-0.5372040445201449
68,-0.5451435861877876
69,-0.5530027685569294
70,-0.5608516232694107
71,-0.5686578049740518
72,-0.5764201616850428
73,-0.5841152585703391
74,-0.5918039531463002
75,-0.5994590065291021
76,-0.607079262263845
77,-0.6146443859365256
78,-0.6222101906373432
79,-0.6297514137346383
80,-0.6372429694730712
81,-0.6447383618114699
82,-0.6522187514279594
83,-0.6596819053997827
84,-0.6671039834431944
85,-0.674539101084207
86,-0.6819654792680048
87,-0.6893818882267873
88,-0.6967636581223395
89,-0.704165464025575
90,-0.71156395173006
91,-0.7189568480622981
92,-0.7263196314152474
93,-0.7337075743597268
94,-0.7410955100313465
95,-0.74848053338971
96,-0.7558373187065328
97,-0.7632229358745093
98,-0.7706096067654293
99,-0.777993631251281
100,-0.7853501669931049
