,0
0,0.0
1,-0.0006162730443008968
2,-0.0023969711155800155
3,-0.005409904972523805
4,-0.009534720468671765
5,-0.01487801277099976
6,-0.021253657823031347
7,-0.028807529691363243
8,-0.03728766255709104
9,-0.0468784488820404
10,-0.05726460418877366
11,-0.06866429947635311
12,-0.08070871216005315
13,-0.09363533881325026
14,-0.10704678844525262
15,-0.12116724749541419
16,-0.13576235399450098
17,-0.15055896228482624
18,-0.16581052722033007
19,-0.18106337399601813
20,-0.19656200020924786
21,-0.21205410494965804
22,-0.2272815516063318
23,-0.24248939131041425
24,-0.2574424406806983
25,-0.27194944759085615
26,-0.2862443043406415
27,-0.30016267441376243
28,-0.31358626550503743
29,-0.32674104605349896
30,-0.3395492597752323
31,-0.3520321270098208
32,-0.3641787899701825
33,-0.3761982424868293
34,-0.38806420019877663
35,-0.3997736641697358
36,-0.4115284183143828
37,-0.4233122119035784
38,-0.43510383918016515
39,-0.4470878141144752
40,-0.4592315549160304
41,-0.4714793446126464
42,-0.48400043770986656
43,-0.4967314745257667
44,-0.5095786317320901
45,-0.5226994003014838
46,-0.535998384302772
47,-0.5493503904060333
48,-0.562900388316578
49,-0.576532736281699
50,-0.5901863876586262
51,-0.6037484932672399
52,-0.6173453777202553
53,-0.6308391538528042
54,-0.6441110554868175
55,-0.6570977316454787
56,-0.6699265807165133
57,-0.6826763443970734
58,-0.6952854237975714
59,-0.707894012433087
60,-0.7204240951292888
61,-0.7328081798931763
62,-0.7451769647531208
63,-0.7574717298208427
64,-0.7696844259182427
65,-0.7817609866361792
66,-0.7938191917084865
67,-0.805805169114592
68,-0.8177142112511007
69,-0.8295032863142495
70,-0.8412763047013243
71,-0.852985823023964
72,-0.8646292645926934
73,-0.8761716477921269
74,-0.8877049921180458
75,-0.8991874583307933
76,-0.9106174430919793
77,-0.9219652747490912
78,-0.9333142260013148
79,-0.9446258288875455
80,-0.9558633053906433
81,-0.967106349127441
82,-0.9783262339035304
83,-0.9895211039833924
84,-1.0006546117440323
85,-1.0118068087823815
86,-1.0229463315104468
87,-1.0340709720280046
88,-1.0451437137693134
89,-1.0562461083349604
90,-1.06734380069053
91,-1.0784333521278597
92,-1.0894772393814023
93,-1.1005592222180596
94,-1.1116411424967225
95,-1.1227185303067557
96,-1.1337536365692387
97,-1.1448320120444677
98,-1.155911934520816
99,-1.166987933678513
100,-1.1780225822402102
