,0
0,0.0
1,-0.0006162720709284031
2,-0.002396967527388938
3,-0.005409896914081003
4,-0.009534706368505397
5,-0.014877991114182976
6,-0.021253627051329715
7,-0.028807488812233828
8,-0.03728761025033833
9,-0.04687838452898774
10,-0.05726452735137855
11,-0.06866420932195183
12,-0.08070861028436127
13,-0.0936352231015718
14,-0.10704666416599906
15,-0.12116710975731593
16,-0.13576221029452995
17,-0.15055880999376114
18,-0.16581037056764103
19,-0.18106321890851973
20,-0.1965618434147416
21,-0.21205395545027983
22,-0.2272814113413304
23,-0.2424892612855487
24,-0.25744232925225674
25,-0.2719493558909605
26,-0.28624423315272907
27,-0.3001626301111102
28,-0.31358625024763853
29,-0.3267410568271103
30,-0.3395493003716439
31,-0.35203220012354564
32,-0.36417888904271223
33,-0.37619836854680244
34,-0.3880643542975051
35,-0.3997738415657821
36,-0.41152861625450043
37,-0.4233124311744092
38,-0.4351040767753105
39,-0.447088065460683
40,-0.45923182189734746
41,-0.471479626047973
42,-0.4840007285586765
43,-0.49673177866532114
44,-0.5095789500573602
45,-0.5226997278544303
46,-0.5359987271069286
47,-0.5493507523790981
48,-0.5629007638453771
49,-0.5765331329481214
50,-0.5901868138705098
51,-0.6037489411949792
52,-0.6173458550411013
53,-0.6308396685954705
54,-0.6441116076779494
55,-0.6570984439226564
56,-0.6699272451539855
57,-0.6826770484095874
58,-0.6952861831542094
59,-0.7078947482228983
60,-0.7204249418275808
61,-0.732809030010003
62,-0.7451778456951601
63,-0.7574725814675887
64,-0.7696852791306981
65,-0.7817619272990299
66,-0.793820189473891
67,-0.805806066780228
68,-0.8177153792816796
69,-0.8295041528354119
70,-0.8412774349041214
71,-0.8529867074610777
72,-0.8646302425275607
73,-0.8761728878555175
74,-0.8877059297194592
75,-0.8991885097936674
76,-0.9106188933957782
77,-0.9219665789047866
78,-0.9333152859560272
79,-0.9446271206019574
80,-0.9558644542096104
81,-0.9671075427172084
82,-0.9783281271419284
83,-0.9895228580996687
84,-1.0006559751647828
85,-1.0118086516263105
86,-1.022948218902016
87,-1.0340728323401862
88,-1.045145487183511
89,-1.0562481960383678
90,-1.0673459275950918
91,-1.0784352720934578
92,-1.0894794471228764
93,-1.1005613615395973
94,-1.1116432650470358
95,-1.122720800084565
96,-1.1337559780598028
97,-1.144834403811771
98,-1.1559144101481351
99,-1.1669904468769232
100,-1.178025250489675
