,0
0,0.0
1,-2.4650882837429222e-05
2,-9.587870109561969e-05
3,-0.00021639587656330228
4,-0.0003813882547405445
5,-0.0005951196445679319
6,-0.0008501450820537215
7,-0.001152299552489966
8,-0.0014915044100136665
9,-0.0018751353811599092
10,-0.0022905810940549998
11,-0.002746568372878899
12,-0.0032283444113743176
13,-0.003745408924063165
14,-0.004281866566640202
15,-0.004846684390293232
16,-0.005430488411781509
17,-0.00602235239975113
18,-0.006632414822705934
19,-0.007242528756340905
20,-0.007862473736590214
21,-0.008482158218011904
22,-0.009091256453653607
23,-0.009699570451422224
24,-0.010297693170090438
25,-0.010877974235639298
26,-0.011449769326109749
27,-0.012006505204444684
28,-0.01254345000990642
29,-0.013069642273084936
30,-0.013581972014865773
31,-0.014081288004942127
32,-0.014567155561709066
33,-0.015047934741872382
34,-0.015522574171900949
35,-0.0159909536626317
36,-0.01646114465018056
37,-0.016932497246977096
38,-0.017404163071013334
39,-0.017883522618427516
40,-0.018369272875894405
41,-0.018859185041918858
42,-0.01936002914234769
43,-0.0198692711466133
44,-0.02038315800229462
45,-0.020907989114177683
46,-0.021439949084278043
47,-0.021974030095164077
48,-0.022516030553815458
49,-0.02306132531792504
50,-0.023607472554820763
51,-0.02414995764779948
52,-0.024693834201644504
53,-0.025233586743818703
54,-0.025764464307117763
55,-0.026283937756905962
56,-0.026797089806159358
57,-0.02730708193638387
58,-0.027811447326169025
59,-0.028315789928916146
60,-0.028816997673102973
61,-0.02931236120040004
62,-0.029807113827807097
63,-0.030298903258703547
64,-0.030787411165228207
65,-0.0312704770919614
66,-0.03175280757895549
67,-0.032232242671208944
68,-0.03270861517126744
69,-0.03318016611341612
70,-0.03365109739616523
71,-0.03411946829844292
72,-0.03458520970110257
73,-0.03504691551422057
74,-0.03550823718877805
75,-0.035967540391746766
76,-0.03642475573583104
77,-0.03687866315619148
78,-0.03733261143824085
79,-0.037785084824078385
80,-0.03823457816838527
81,-0.038684301708688196
82,-0.039133125085677456
83,-0.03958091432398647
84,-0.04002623900659197
85,-0.0404723460650529
86,-0.04091792875608058
87,-0.04136291329360775
88,-0.041805819487340745
89,-0.042249927841534696
90,-0.04269383710380348
91,-0.04313741088373857
92,-0.0435791778849155
93,-0.044022454461583926
94,-0.044465730601881415
95,-0.04490883200338258
96,-0.04535023912239189
97,-0.045793376152471144
98,-0.046236576405926044
99,-0.046679617875077906
100,-0.047121010019586906
