,0
0,0.0
1,-0.0002465088283720718
2,-0.0009587870109548646
3,-0.0021639587656352433
4,-0.0038138825474085536
5,-0.005951196445678875
6,-0.008501450820531886
7,-0.011522995524899216
8,-0.014915044100135333
9,-0.0187513538116022
10,-0.02290581094055355
11,-0.027465683728784995
12,-0.03228344411374451
13,-0.03745408924063298
14,-0.04281866566640247
15,-0.04846684390292921
16,-0.05430488411781553
17,-0.0602235239975073
18,-0.06632414822705712
19,-0.0724252875634086
20,-0.07862473736589948
21,-0.08482158218011904
22,-0.09091256453653429
23,-0.09699570451421735
24,-0.10297693170089772
25,-0.10877974235638632
26,-0.11449769326110015
27,-0.12006505204444196
28,-0.1254345000990611
29,-0.13069642273084625
30,-0.13581972014865684
31,-0.14081288004942039
32,-0.145671555617092
33,-0.15047934741872737
34,-0.15522574171900416
35,-0.15990953662631568
36,-0.1646114465018016
37,-0.16932497246977007
38,-0.174041630710132
39,-0.17883522618427605
40,-0.18369272875894538
41,-0.18859185041918636
42,-0.19360029142347912
43,-0.19869271146612988
44,-0.2038315800229462
45,-0.20907989114177639
46,-0.21439949084277643
47,-0.2197403009516421
48,-0.22516030553815725
49,-0.23061325317924997
50,-0.23607472554820674
51,-0.2414995764779917
52,-0.2469383420164455
53,-0.2523358674381875
54,-0.2576446430711776
55,-0.26283937756906184
56,-0.2679708980615949
57,-0.27307081936383426
58,-0.27811447326168803
59,-0.2831578992891579
60,-0.28816997673103373
61,-0.29312361200400616
62,-0.2980711382780683
63,-0.30298903258703547
64,-0.3078741116522785
65,-0.3127047709196127
66,-0.31752807578956066
67,-0.3223224267120912
68,-0.32708615171267397
69,-0.33180166113415765
70,-0.3365109739616514
71,-0.34119468298443323
72,-0.34585209701102926
73,-0.35046915514220345
74,-0.35508237188778224
75,-0.3596754039174641
76,-0.3642475573583077
77,-0.36878663156192104
78,-0.37332611438240804
79,-0.3778508482407865
80,-0.3823457816838527
81,-0.38684301708688196
82,-0.39133125085677634
83,-0.39580914323987315
84,-0.40026239006591524
85,-0.40472346065052633
86,-0.4091792875608
87,-0.4136291329360766
88,-0.4180581948734101
89,-0.42249927841534785
90,-0.426938371038041
91,-0.43137410883738525
92,-0.43579177884915055
93,-0.4402245446158375
94,-0.44465730601881504
95,-0.44908832003382315
96,-0.45350239122391756
97,-0.45793376152471055
98,-0.4623657640592569
99,-0.46679617875077284
100,-0.4712101001958615
