,0
0,0.0
1,-6.167013816105182e-05
2,-0.00024644557531372513
3,-0.0005536212151642239
4,-0.0009833900535203277
5,-0.0015310204537906102
6,-0.0021955301589473564
7,-0.0029741640644385114
8,-0.003863685950959983
9,-0.004863896351907204
10,-0.005962890477912541
11,-0.007158846465529667
12,-0.008446370784372714
13,-0.009819596669447428
14,-0.011276750802872826
15,-0.012799515802838002
16,-0.014384977659982923
17,-0.016025269655175034
18,-0.017716444777506446
19,-0.01943641549016384
20,-0.021181630248776173
21,-0.022947239972463507
22,-0.0247094514008519
23,-0.026470011154519746
24,-0.028206207457084798
25,-0.02991315248347215
26,-0.031586564831483255
27,-0.03320729687453161
28,-0.034778632337209014
29,-0.036286055401025585
30,-0.03773547914455744
31,-0.03911887085714927
32,-0.040444921800032674
33,-0.04171459009620637
34,-0.04293181167344917
35,-0.04410905979565127
36,-0.04525027967148354
37,-0.04636876664044598
38,-0.04746937339987456
39,-0.0485645725268542
40,-0.04965840634628149
41,-0.050761610010155334
42,-0.05187636024689679
43,-0.053009438843891754
44,-0.054166145641495245
45,-0.0553452872793776
46,-0.05655249475292612
47,-0.05778326047854376
48,-0.059042008418088265
49,-0.06032136207594663
50,-0.06162438632270728
51,-0.06294153527333135
52,-0.06427443028770874
53,-0.06561205961786865
54,-0.0669548717464914
55,-0.06823497658409039
56,-0.06949050077828556
57,-0.07073692405860355
58,-0.07197944875672047
59,-0.073211540842689
60,-0.07443859942713127
61,-0.0756542402410969
62,-0.07686354722789712
63,-0.07806089155756757
64,-0.07925054255760644
65,-0.08042989389102484
66,-0.0815964197238368
67,-0.08275436842467165
68,-0.0838989271030468
69,-0.08503443058372984
70,-0.08615669033508766
71,-0.0872692537052977
72,-0.08837057005015803
73,-0.08945891177588638
74,-0.09053784001195453
75,-0.09160433801625434
76,-0.09266151066468176
77,-0.09370830037182643
78,-0.09474372328926606
79,-0.09577085789718787
80,-0.09678731962254172
81,-0.09779604601627323
82,-0.09879619311940013
83,-0.09978734482243556
84,-0.10077198449001346
85,-0.10174854900441233
86,-0.10271936533268011
87,-0.10368393171051737
88,-0.10464209341697739
89,-0.10559576651034197
90,-0.10654384709158515
91,-0.10748823145593711
92,-0.10842861526816971
93,-0.1093647472607806
94,-0.11029845260216486
95,-0.11122848081139258
96,-0.11215681871300376
97,-0.11308212154977326
98,-0.11400644237207747
99,-0.11492910913126808
100,-0.11584956193479634
