,0
0,0.0
1,-0.0015417534540347333
2,-0.0061611393828542305
3,-0.013840530379127358
4,-0.024584751338018407
5,-0.038275511344785684
6,-0.05488825397369368
7,-0.07435410161097167
8,-0.09659214877399336
9,-0.121597408797669
10,-0.14907226194782197
11,-0.1789711616382732
12,-0.2111592696093325
13,-0.24548991673618303
14,-0.2819187700718331
15,-0.3199878950709376
16,-0.3596244414995695
17,-0.40063174137937096
18,-0.4429111194376816
19,-0.48591038725408
20,-0.5295407562194043
21,-0.5736809993115841
22,-0.6177362850213015
23,-0.6617502788630034
24,-0.7051551864270991
25,-0.7478288120868157
26,-0.7896641207871014
27,-0.8301824218633129
28,-0.8694658084302205
29,-0.907151385025621
30,-0.9433869786139368
31,-0.9779717714287344
32,-1.011123045000808
33,-1.0428647524051655
34,-1.0732952918362315
35,-1.1027264948912787
36,-1.1312569917870832
37,-1.1592191660111553
38,-1.1867343349968635
39,-1.2141143131713648
40,-1.2414601586570484
41,-1.269040250253866
42,-1.2969090061724202
43,-1.3252359710972854
44,-1.3541536410373851
45,-1.3836321819844244
46,-1.4138123688231659
47,-1.4445815119636052
48,-1.4760502104522217
49,-1.5080340518986617
50,-1.5406096580676945
51,-1.5735383818332878
52,-1.6068607571927203
53,-1.640301490446717
54,-1.673871793662272
55,-1.7058744146022775
56,-1.737262519457154
57,-1.7684231014651104
58,-1.7994862189180267
59,-1.8302885210672315
60,-1.8609649856783008
61,-1.8913560060274577
62,-1.921588680697461
63,-1.951522288939195
64,-1.9812635639402032
65,-2.0107473472756325
66,-2.039910493095938
67,-2.0688592106168286
68,-2.097473177576184
69,-2.1258607645932557
70,-2.153917258377227
71,-2.1817313426324603
72,-2.209264251253984
73,-2.2364727943972014
74,-2.2634460002988916
75,-2.290108450406372
76,-2.3165377666170954
77,-2.3427075092956784
78,-2.368593082231669
79,-2.394271447429716
80,-2.4196829905635866
81,-2.4449011504068494
82,-2.469904827985019
83,-2.494683620560899
84,-2.5192996122503715
85,-2.5437137251103437
86,-2.5679841333170117
87,-2.592098292762948
88,-2.6160523354244773
89,-2.639894162758587
90,-2.663596177289662
91,-2.6872057863984367
92,-2.7107153817042544
93,-2.73411868151954
94,-2.757461315054151
95,-2.780712020284831
96,-2.8039204678251295
97,-2.827053038744367
98,-2.8501610593019535
99,-2.8732277282817265
100,-2.8962390483699565
