,0
0,0.0
1,-0.00030813603546420154
2,-0.001198483763694469
3,-0.0027049484570405014
4,-0.004767353184252698
5,-0.007438995557091488
6,-0.010626813525664858
7,-0.014403744406116914
8,-0.018643805125169166
9,-0.02343919226449387
10,-0.028632263675689273
11,-0.034332104660975915
12,-0.040354305142180635
13,-0.0468176115507859
14,-0.05352333208299953
15,-0.060583554878657964
16,-0.06788110514726498
17,-0.07527940499688057
18,-0.08290518528382051
19,-0.09053160945425986
20,-0.0982809217073708
21,-0.10602697772513991
22,-0.1136407056706652
23,-0.12124463064277435
24,-0.12872116462612837
25,-0.13597467794548024
26,-0.14312211657636453
27,-0.1500813150555551
28,-0.15679312512381927
29,-0.16337052841355515
30,-0.16977465018582194
31,-0.17601610006177282
32,-0.18208944452135611
33,-0.18809918427340122
34,-0.19403217714875254
35,-0.19988692078289105
36,-0.20576430812725022
37,-0.2116562155872046
38,-0.21755203838765524
39,-0.2235440327303415
40,-0.22961591094867373
41,-0.2357398130239865
42,-0.24200036427933824
43,-0.24836588933266057
44,-0.2547894750286801
45,-0.26134986392721515
46,-0.2679993635534643
47,-0.27467537618954907
48,-0.28145038192268856
49,-0.2882665664740607
50,-0.2950934069352549
51,-0.3018744705974896
52,-0.30867292752055064
53,-0.31541983429773524
54,-0.3220558038389747
55,-0.3285492219613282
56,-0.33496362257699275
57,-0.3413385242047937
58,-0.3476430915771047
59,-0.35394737411144916
60,-0.3602124709137904
61,-0.3664045150050015
62,-0.37258892284758005
63,-0.37873629073379433
64,-0.38484263956534903
65,-0.39088096364951497
66,-0.3969100947369455
67,-0.402903033390114
68,-0.4088576896408398
69,-0.41475207641770595
70,-0.4206387174520607
71,-0.42649335373053887
72,-0.43231512126378036
73,-0.43808644392775875
74,-0.4438529648597296
75,-0.4495942548968337
76,-0.4553094466978891
77,-0.4609832894523933
78,-0.4666576429780136
79,-0.4723135603009787
80,-0.4779322271048052
81,-0.4835537713586042
82,-0.4891640635709642
83,-0.49476142904983433
84,-0.5003279875823914
85,-0.5059043258131553
86,-0.511474109451008
87,-0.5170364161700931
88,-0.5225727435917555
89,-0.5281240980191839
90,-0.5336729637975459
91,-0.5392176360467289
92,-0.5447397235614382
93,-0.5502806807697986
94,-0.5558216325235179
95,-0.5613604000422825
96,-0.5668779890299014
97,-0.5724172019058855
98,-0.5779572050740676
99,-0.5834952234384616
100,-0.5890126252448376
