,0
0,0.0
1,-0.0021080414452399054
2,-0.008262564968731567
3,-0.018584403456316068
4,-0.03295683722922149
5,-0.05098876554279741
6,-0.07300099981409858
7,-0.098325311280405
8,-0.1272271269410794
9,-0.15934767252088022
10,-0.19398321382573158
11,-0.2315463196850942
12,-0.27150712023149026
13,-0.3134566459839334
14,-0.3567038542720411
15,-0.4018214796966504
16,-0.4480285057150013
17,-0.49460232266085313
18,-0.5421846924232341
19,-0.5900806256552187
20,-0.6376479215806512
21,-0.6855027505678208
22,-0.7331749593676022
23,-0.7805174557211103
24,-0.8271370915842908
25,-0.8737116518631183
26,-0.9199584870764284
27,-0.9659011265049458
28,-1.0113424034169611
29,-1.0569638014944758
30,-1.1026244672692656
31,-1.1484170074354552
32,-1.194194506987401
33,-1.2406006260957838
34,-1.28749893026486
35,-1.3349391725774922
36,-1.3827006964401107
37,-1.431375479785629
38,-1.4807299057944192
39,-1.5307188982341131
40,-1.5810113245099728
41,-1.6321524099967064
42,-1.6837991393891798
43,-1.7358310160490191
44,-1.7878494296815006
45,-1.8403646016325865
46,-1.8929961671669844
47,-1.9456148558191444
48,-1.9978433966972489
49,-2.0501674068038938
50,-2.1022796160661983
51,-2.1541118551459704
52,-2.205619537191069
53,-2.256574892767617
54,-2.307496145334653
55,-2.3585633841620393
56,-2.409720642195225
57,-2.460624325841991
58,-2.5117244387714663
59,-2.5628303905642724
60,-2.6139285737286855
61,-2.665010122888816
62,-2.715882306818571
63,-2.7669783458976553
64,-2.8181016240105237
65,-2.86924220377
66,-2.920201680229411
67,-2.971382473269273
68,-3.0226232146383154
69,-3.073912044870667
70,-3.125240835556383
71,-3.176414756527379
72,-3.227848517043185
73,-3.27935690265258
74,-3.330927145213991
75,-3.3825466989646884
76,-3.434032043988168
77,-3.485793186326987
78,-3.5376305609734118
79,-3.589528833976601
80,-3.641280735835835
81,-3.6932894441731605
82,-3.7453777630680634
83,-3.797529843921552
84,-3.8497275641701663
85,-3.9017614617614527
86,-3.954049087664771
87,-4.006394274301101
88,-4.058778433006751
89,-4.111181119765206
90,-4.163400046955871
91,-4.215851377584386
92,-4.26832808336826
93,-4.320813859052578
94,-4.373288067080921
95,-4.425552642602156
96,-4.478016479443795
97,-4.530475141554803
98,-4.5829087165911915
99,-4.6352992817828635
100,-4.6874594328705825
