,0
0,0.0
1,-0.005270278520583815
2,-0.020657087044128275
3,-0.04646253850864923
4,-0.08239480510451358
5,-0.12747611510781098
6,-0.182508547065936
7,-0.2458213955658266
8,-0.3180784129062886
9,-0.3983825188101946
10,-0.4849742591134145
11,-0.5788853366766489
12,-0.6787908335604698
13,-0.7836682482031847
14,-0.8917901665136014
15,-1.004588290603806
16,-1.1201099396860172
17,-1.2365487004269653
18,-1.3555090118532007
19,-1.4752531734891363
20,-1.594175604330303
21,-1.7138171213000533
22,-1.8330019540196645
23,-1.9513623393431772
24,-2.0679154124154593
25,-2.1843558932628184
26,-2.299976864385144
27,-2.414837141077669
28,-2.5284438446367403
29,-2.6425009164606763
30,-2.7566559816773406
31,-2.871140562343271
32,-2.9855874340016726
33,-3.1016059798814695
34,-3.218854883122731
35,-3.3374585280482734
36,-3.4568653720057227
37,-3.5785555727036353
38,-3.7019448383186955
39,-3.8269204681296287
40,-3.9526547647717507
41,-4.080510972369893
42,-4.2096312696703535
43,-4.339714395753617
44,-4.46976393637442
45,-4.601055667433684
46,-4.732638333234945
47,-4.864188734002028
48,-4.994763679888138
49,-5.125577640239271
50,-5.255861983467867
51,-5.385446265142264
52,-5.514219001120864
53,-5.641610987966487
54,-5.7689177247273165
55,-5.896589774994709
56,-6.02448582650436
57,-6.151748206027378
58,-6.279502169639272
59,-6.407269536722879
60,-6.535019900078169
61,-6.662725948958496
62,-6.789909229574278
63,-6.9176541274298415
64,-7.045465405682307
65,-7.173318830108883
66,-7.300719998848081
67,-7.42867599371607
68,-7.556779320375654
69,-7.685005942910948
70,-7.8133295424715925
71,-7.941268036654492
72,-8.069855038253081
73,-8.198628181440426
74,-8.327557061086281
75,-8.456608257459266
76,-8.585323972121614
77,-8.714729742339387
78,-8.844325840445663
79,-8.97407400868724
80,-9.103456020867043
81,-9.233480461437921
82,-9.363704891924044
83,-9.494087461880326
84,-9.624583186204745
85,-9.754671666566765
86,-9.885393588137731
87,-10.01625898740258
88,-10.147221293223538
89,-10.278232035374003
90,-10.40878208323852
91,-10.539911131007102
92,-10.67110788492414
93,-10.802323611382235
94,-10.933510234939149
95,-11.064175905577486
96,-11.19533890992966
97,-11.326486894198524
98,-11.45757357135517
99,-11.588554107588607
100,-11.718955417356028
