,0
0,0.0
1,-0.003513402408998445
2,-0.013770941614438925
3,-0.03097400576052678
4,-0.05492806204847511
5,-0.08498127590451077
6,-0.1216683330237629
7,-0.1638755188007508
8,-0.21204521156801093
9,-0.26557945420154283
10,-0.32330535637652247
11,-0.38591053280856613
12,-0.4525118670528627
13,-0.5224277433067073
14,-0.5945064237864699
15,-0.6697024661609703
16,-0.746714176191972
17,-0.8243372044348689
18,-0.9036411540384961
19,-0.9834677094256676
20,-1.06274653596779
21,-1.1425045842797772
22,-1.2219582656125567
23,-1.3008624262015474
24,-1.3785618193071514
25,-1.4561860864389473
26,-1.5332641451266227
27,-1.609835210841311
28,-1.6855706723617914
29,-1.7616063358241263
30,-1.8377074454488138
31,-1.9140283457256828
32,-1.9903241783119938
33,-2.0676677101596397
34,-2.145831550441244
35,-2.2248986209622217
36,-2.30450116073348
37,-2.3856257996426393
38,-2.467883176323994
39,-2.551198163723484
40,-2.6350188741830607
41,-2.7202540166611016
42,-2.80633189898208
43,-2.8930516934151456
44,-2.9797490494688645
45,-3.06727433605397
46,-3.154993611944974
47,-3.2426914263653543
48,-3.3297389944955285
49,-3.416945678006414
50,-3.5037993601104063
51,-3.590186425243246
52,-3.6760325619852665
53,-3.7609581546128084
54,-3.8458269088914676
55,-3.9309389736031335
56,-4.0162010703252236
57,-4.101040543069985
58,-4.186207397952558
59,-4.271383984273598
60,-4.356547622880953
61,-4.441683538148027
62,-4.526470511364778
63,-4.6116305764956
64,-4.696836040017388
65,-4.782070339616439
66,-4.867002800382124
67,-4.952304122115493
68,-5.037705357730374
69,-5.1231867414512635
70,-5.2087347259271155
71,-5.294024594212715
72,-5.379747528405687
73,-5.4655948377542245
74,-5.551545242022939
75,-5.637577831607814
76,-5.723386739980242
77,-5.80965531054494
78,-5.896050934955156
79,-5.982548056627593
80,-6.0688012263933615
81,-6.155482406954889
82,-6.242296271780333
83,-6.329216406535352
84,-6.416212606949557
85,-6.502935769602573
86,-6.590081812774542
87,-6.677323790501987
88,-6.764630721677804
89,-6.851968532941555
90,-6.939000078259596
91,-7.026418962640491
92,-7.1138801389470245
93,-7.2013564317542205
94,-7.288813445134792
95,-7.375921071003404
96,-7.463360799073143
97,-7.550791902591072
98,-7.638181194318577
99,-7.7254988029706055
100,-7.812432388117713
