,0
0,0.0
1,-0.0019569116975617362
2,-0.007780547014363037
3,-0.017046867856606696
4,-0.030223366773270754
5,-0.04705188596381049
6,-0.06734432525763623
7,-0.09027363848008463
8,-0.11674448680923888
9,-0.14614097071330434
10,-0.17817860697346077
11,-0.21253337979692333
12,-0.24809473078380506
13,-0.28626696222090686
14,-0.32605287338151356
15,-0.36714010933519603
16,-0.4092273322548863
17,-0.4512437311766462
18,-0.4946931914571451
19,-0.5386306427105865
20,-0.5828709923816859
21,-0.6272674617164284
22,-0.6717140595012552
23,-0.7154936484423615
24,-0.760043337087609
25,-0.8046828669205297
26,-0.8494281057839999
27,-0.8943166739632034
28,-0.9394002742174052
29,-0.9841717888573385
30,-1.0299439383857134
31,-1.0762119912940307
32,-1.1230272747932304
33,-1.1704271480152784
34,-1.2184307793665994
35,-1.2664474443934068
36,-1.3157538330885927
37,-1.3657530729776681
38,-1.4163979116121936
39,-1.4676223616017978
40,-1.5193451688760433
41,-1.5708438677240792
42,-1.6233903061720412
43,-1.6762832550593885
44,-1.7294234408198008
45,-1.7827152331697107
46,-1.8360714090983947
47,-1.8894170265091361
48,-1.9421479618795274
49,-1.9954666146868476
50,-2.0487417918259325
51,-2.1019561754310416
52,-2.1551083361657675
53,-2.208210717810971
54,-2.2607678276929164
55,-2.3142580670239568
56,-2.368032495822945
57,-2.4219525786418217
58,-2.4760082336281357
59,-2.5301892153604513
60,-2.584484745257214
61,-2.638392841564837
62,-2.6929582141153787
63,-2.7476929520635167
64,-2.8025864238597933
65,-2.857629347489592
66,-2.912810169716522
67,-2.9681171577253735
68,-3.0230512319799345
69,-3.0786493791531484
70,-3.134419675661775
71,-3.1903499339985046
72,-3.246427211781338
73,-3.302637371449464
74,-3.358965361050423
75,-3.414903974931349
76,-3.47149613229476
77,-3.5282418498229617
78,-3.5851259216854032
79,-3.642132206069846
80,-3.6992452134768428
81,-3.7564468232983472
82,-3.8132244292912674
83,-3.8706169344040973
84,-3.928126031592001
85,-3.985735462391631
86,-4.043428722926137
87,-4.101189229324973
88,-4.158999067723244
89,-4.216354747678224
90,-4.2742570066825465
91,-4.332233988374355
92,-4.390269572651505
93,-4.448348570088683
94,-4.506456146022629
95,-4.564577938637058
96,-4.622700156613746
97,-4.6803568336797525
98,-4.738512601933962
99,-4.796694535130655
100,-4.854890222235781
