,0
0,0.0
1,-0.005270103613611354
2,-0.020656412421658388
3,-0.046461008640562795
4,-0.08239209307294004
5,-0.12747191385687984
6,-0.1825024995353033
7,-0.24581327820055776
8,-0.3180678173525848
9,-0.3983691813018595
10,-0.48495803456467
11,-0.5788657992125081
12,-0.6787678005794078
13,-0.7836416149602883
14,-0.8917596356800459
15,-1.0045536992420239
16,-1.1200712642878443
17,-1.2365058066523034
18,-1.3554617310583126
19,-1.4752015641386151
20,-1.5941198039515712
21,-1.7137568764194384
22,-1.8329373984183803
23,-1.9512936393027758
24,-2.0678427289608408
25,-2.184279129657398
26,-2.2998962176900477
27,-2.41475281626208
28,-2.5283560085429144
29,-2.6424095037361894
30,-2.7565611681732207
31,-2.8710425185890927
32,-2.985486267468332
33,-3.101501565239232
34,-3.218747325662207
35,-3.3373479314443557
36,-3.4567517411001063
37,-3.5784386994641864
38,-3.701824764486446
39,-3.8267972455851123
40,-3.9525283112748184
41,-4.080381024991539
42,-4.209497848472893
43,-4.339577540122718
44,-4.469623574203524
45,-4.600911504081068
46,-4.732490417917234
47,-4.864037139548145
48,-4.99460849174352
49,-5.125418517009848
50,-5.255699040165837
51,-5.3852796378650964
52,-5.514048842977672
53,-5.641437231919099
54,-5.768740363337429
55,-5.896408460405155
56,-6.024301605487608
57,-6.151560814604636
58,-6.279311096928495
59,-6.407075976411079
60,-6.5348214343214295
61,-6.662525307221813
62,-6.789705767046598
63,-6.917445864743513
64,-7.045254060026309
65,-7.173105509425113
66,-7.300504200573414
67,-7.428456183173012
68,-7.556558036595561
69,-7.684780112176895
70,-7.813102088890673
71,-7.94103689131839
72,-8.069621292607508
73,-8.198392256630996
74,-8.327317863034523
75,-8.456366747411494
76,-8.585080109970022
77,-8.714482965817297
78,-8.844076402432847
79,-8.973822084941958
80,-9.103201839590156
81,-9.23322361043256
82,-9.363444407670158
83,-9.493824609803141
84,-9.62431891042479
85,-9.754403654403859
86,-9.8851227191617
87,-10.015985685753094
88,-10.146946082516706
89,-10.277952799413015
90,-10.408500117389167
91,-10.539628443960964
92,-10.670820208420537
93,-10.802034647631672
94,-10.933220167702757
95,-11.063881606505674
96,-11.19504119860926
97,-11.32618785388695
98,-11.457271791478206
99,-11.588248204456477
100,-11.718648582176229
