,0
0,0.0
1,-0.002635051806805677
2,-0.010328206210829194
3,-0.023230504320281398
4,-0.04119604653647002
5,-0.06373595692843992
6,-0.09125124976765164
7,-0.12290663910027888
8,-0.1590339086762924
9,-0.19918459065092975
10,-0.242479017282335
11,-0.28943289960625407
12,-0.3393839002897039
13,-0.39182080748014414
14,-0.44587981784002295
15,-0.5022768496210119
16,-0.5600356321439222
17,-0.6182529033261517
18,-0.6777308655291563
19,-0.7376007820693076
20,-0.7970599019757856
21,-0.8568784382097192
22,-0.9164686992091902
23,-0.9756468196513879
24,-1.0339213644804204
25,-1.092139564828699
26,-1.1499481088450239
27,-1.20737640813104
28,-1.2641780042714572
29,-1.3212047518680947
30,-1.3782805840866104
31,-1.4355212592945463
32,-1.492743133734166
33,-1.550750782619616
34,-1.6093736628311035
35,-1.6686739657221779
36,-1.7283758705500532
37,-1.7892193497320932
38,-1.850912382243223
39,-1.9133986227925561
40,-1.9762641556374092
41,-2.0401905124957693
42,-2.1047489242364463
43,-2.169788770061359
44,-2.234811787101762
45,-2.300455752040534
46,-2.366245208958617
47,-2.4320185697740726
48,-2.49730424587176
49,-2.562709258504924
50,-2.6278495200829184
51,-2.6926398189325482
52,-2.757024421488836
53,-2.8207186159595494
54,-2.8843701816687144
55,-2.9482042302025775
56,-3.012150802743804
57,-3.075780407302318
58,-3.1396555484642477
59,-3.2035379882055395
60,-3.2674107171607147
61,-3.3312626536109065
62,-3.394852883523299
63,-3.4587229323717565
64,-3.5226270300131546
65,-3.5865527547125566
66,-3.650252100286707
67,-3.714228091586506
68,-3.7782790182977806
69,-3.8423900560884476
70,-3.9065510444453366
71,-3.970518445659195
72,-4.034810646303754
73,-4.099196128315498
74,-4.163658931517261
75,-4.228183373705747
76,-4.292540054985011
77,-4.357241482908648
78,-4.422038201216424
79,-4.486911042470979
80,-4.551600919795078
81,-4.61661180521628
82,-4.681722203835079
83,-4.746912304901571
84,-4.812159455212395
85,-4.8772018272019295
86,-4.94256135958085
87,-5.007992842876547
88,-5.073473041258353
89,-5.138976399706507
90,-5.2042500586945835
91,-5.269814221980482
92,-5.335410104210268
93,-5.401017323815836
94,-5.4666100838513785
95,-5.531940803252837
96,-5.59752059930463
97,-5.663093926943475
98,-5.728635895739103
99,-5.794124102228238
100,-5.8593242910881145
