,0
0,0.0
1,-0.0008970389129103751
2,-0.0035159850930881476
3,-0.00790825678990359
4,-0.014024186054996335
5,-0.021697347039435044
6,-0.031064255239982685
7,-0.04184055799163389
8,-0.0541392029536496
9,-0.06780752022160641
10,-0.08254604843654079
11,-0.09853034880211453
12,-0.11553494477954018
13,-0.13338580680181167
14,-0.15178887415828513
15,-0.17098786370087282
16,-0.19065042796387388
17,-0.21046907347277966
18,-0.23071689039289822
19,-0.25109813857670815
20,-0.27133954109808656
21,-0.2917032981139869
22,-0.3119893444117565
23,-0.3321350875408484
24,-0.3519732304613399
25,-0.37179219228215743
26,-0.39147169662817305
27,-0.41102175595949575
28,-0.43035846953921464
29,-0.4497718304231171
30,-0.46920190096568604
31,-0.4886880882704645
32,-0.5081678753136885
33,-0.5279151600407772
34,-0.5478718852190241
35,-0.5680592223735061
36,-0.5883832750809574
37,-0.609095948845038
38,-0.6300978322530568
39,-0.6513697439294219
40,-0.6727707763872672
41,-0.6945329404239828
42,-0.7165102720803702
43,-0.7386514961910962
44,-0.7607869913538252
45,-0.7831338730351263
46,-0.8055302839009073
47,-0.8279212152421564
48,-0.8501461262541739
49,-0.8724116624697444
50,-0.894587070666546
51,-0.9166433426153162
52,-0.9385615051877494
53,-0.960244635220306
54,-0.9819132533339712
55,-1.0036439932605958
56,-1.025413039231978
57,-1.0470741812093252
58,-1.0688189101155672
59,-1.0905661236444075
60,-1.112310031373795
61,-1.1340468608036645
62,-1.1556945986462779
63,-1.1774375939988886
64,-1.199192180429975
65,-1.2209541292638164
66,-1.2426390128636058
67,-1.2644180737315764
68,-1.2862226445269016
69,-1.3080476786684585
70,-1.3298897172580837
71,-1.3516658538414958
72,-1.3735525604439545
73,-1.3954710224053315
74,-1.4174158064739686
75,-1.4393815740274931
76,-1.4612902314843836
77,-1.4833162495008878
78,-1.5053747067970562
79,-1.5274590782880182
80,-1.549481164185579
81,-1.571612529435356
82,-1.5937777715184325
83,-1.6159701463495821
84,-1.638181942200049
85,-1.6603240262814438
86,-1.682574079857261
87,-1.7048486273621393
88,-1.7271397587261959
89,-1.7494387743681727
90,-1.771659594449261
91,-1.7939793096103926
92,-1.8163098227098544
93,-1.8386441953414305
94,-1.8609736455663892
95,-1.8832138904689941
96,-1.9055389274229242
97,-1.9278617623638183
98,-1.9501739219537626
99,-1.972467779482031
100,-1.9946635884555803
