,0
0,0.0
1,-0.00021080414452967489
2,-0.0008262564968646302
3,-0.0018584403456287646
4,-0.0032956837229107805
5,-0.005098876554257004
6,-0.007300099981421226
7,-0.009832531128012079
8,-0.012722712694099414
9,-0.015934767252062443
10,-0.019398321382567474
11,-0.02315463196852363
12,-0.027150712023171764
13,-0.03134566459840471
14,-0.03567038542719558
15,-0.040182147969673565
16,-0.04480285057151434
17,-0.049460232266099524
18,-0.05421846924232909
19,-0.05900806256553892
20,-0.06376479215806796
21,-0.06855027505676503
22,-0.07331749593673464
23,-0.07805174557209682
24,-0.08271370915844045
25,-0.08737116518631183
26,-0.09199584870761157
27,-0.09659011265048889
28,-0.10113424034170748
29,-0.10569638014943905
30,-0.11026244672692087
31,-0.11484170074355404
32,-0.11941945069872872
33,-0.1240600626095727
34,-0.1287498930264661
35,-0.13349391725776627
36,-0.13827006964402244
37,-0.1431375479785686
38,-0.14807299057945045
39,-0.15307188982339426
40,-0.15810113245099444
41,-0.16321524099966211
42,-0.1683799139389066
43,-0.17358310160490475
44,-0.17878494296815006
45,-0.1840364601632274
46,-0.1892996167166956
47,-0.19456148558194286
48,-0.19978433966974762
49,-0.20501674068039222
50,-0.21022796160663404
51,-0.21541118551461125
52,-0.22056195371911258
53,-0.225657489276756
54,-0.23074961453349374
55,-0.23585633841622666
56,-0.24097206421950546
57,-0.24606243258418203
58,-0.2511724438771523
59,-0.25628303905641303
60,-0.2613928573728401
61,-0.26650101228887024
62,-0.2715882306818571
63,-0.27669783458973995
64,-0.28181016240104384
65,-0.2869242203769886
66,-0.29202016802292974
67,-0.2971382473269415
68,-0.3022623214638145
69,-0.30739120448708945
70,-0.3125240835556298
71,-0.31764147565273504
72,-0.322784851704327
73,-0.3279356902652353
74,-0.3330927145213849
75,-0.33825466989644326
76,-0.3434032043988253
77,-0.34857931863270153
78,-0.35376305609729286
79,-0.35895288339766296
80,-0.36412807358360055
81,-0.3693289444172905
82,-0.3745377763068234
83,-0.3797529843921268
84,-0.38497275641698536
85,-0.39017614617614527
86,-0.3954049087664515
87,-0.40063942743009306
88,-0.405877843300658
89,-0.4111181119764922
90,-0.4163400046955985
91,-0.4215851377584414
92,-0.42683280833684023
93,-0.43208138590523504
94,-0.43732880670809493
95,-0.44255526426019287
96,-0.4478016479443596
97,-0.45304751415548594
98,-0.4582908716591163
99,-0.46352992817824656
100,-0.4687459432870469
