,0
0,0.0
1,-0.0006515346121176435
2,-0.002608083789382931
3,-0.005842090358285645
4,-0.010341683924821155
5,-0.01609460962066578
6,-0.023021639437587282
7,-0.03113135480151641
8,-0.04030400325022754
9,-0.05050684971455155
10,-0.06171447299441013
11,-0.07376081806964407
12,-0.08665698349565787
13,-0.1002147782527203
14,-0.11438804396067326
15,-0.12912436001812466
16,-0.14422299554888696
17,-0.15968560870568638
18,-0.17530270087844713
19,-0.19108330202907098
20,-0.20682892348666826
21,-0.22255544183563813
22,-0.23813462678006658
23,-0.253469239306753
24,-0.26859402770294594
25,-0.2833936368234333
26,-0.29793709411455893
27,-0.3121461546076034
28,-0.32610974858755526
29,-0.3398205821408453
30,-0.35329233040634733
31,-0.36663152413861155
32,-0.3798323759651794
33,-0.39300629180591784
34,-0.4061548121915166
35,-0.4193754499561777
36,-0.4326942909618907
37,-0.4461204004789181
38,-0.459739485727539
39,-0.4735165501571572
40,-0.48752159644456583
41,-0.5017022137140543
42,-0.5161055496370466
43,-0.5306951451358515
44,-0.545414395483462
45,-0.5602992666733684
46,-0.5752496610530926
47,-0.590291800466602
48,-0.6053531653382151
49,-0.6203619193381371
50,-0.6353407128012378
51,-0.6501894476367056
52,-0.6649337395835175
53,-0.6795210432064209
54,-0.6939032625853372
55,-0.7081286360344308
56,-0.7222745412168621
57,-0.7363333378117716
58,-0.7503541731158521
59,-0.7643098254127381
60,-0.778183769356005
61,-0.7920196520431659
62,-0.8057755827366151
63,-0.8194942916802859
64,-0.8331605337139791
65,-0.8467552346337328
66,-0.8603207039933096
67,-0.8738406169171071
68,-0.8873004480771414
69,-0.9007394587729749
70,-0.9141427232779904
71,-0.9274960317934102
72,-0.9408395979897506
73,-0.9541550532960059
74,-0.9674320707135706
75,-0.9807073849437984
76,-0.9939485846888516
77,-1.007191079271749
78,-1.0204240531167414
79,-1.0336309828071393
80,-1.0468464633839005
81,-1.0600583072356642
82,-1.0732487232784393
83,-1.0864548288690372
84,-1.0996606780373384
85,-1.1128491534672946
86,-1.1260570041814901
87,-1.1392662200620691
88,-1.152460179603736
89,-1.1656751470726476
90,-1.1788912425524956
91,-1.192092641551696
92,-1.205314566246031
93,-1.2185358277895517
94,-1.2317411775550227
95,-1.2449648246631
96,-1.258168701494398
97,-1.2713865552211843
98,-1.2846023656865242
99,-1.2977943889266186
100,-1.3109969883126666
