,0
0,0.0
1,-0.016288365302898455
2,-0.06520209473455907
3,-0.1460522589568427
4,-0.2585420981208699
5,-0.4023652405167013
6,-0.5755409859402789
7,-0.7782838700372849
8,-1.0076000812555321
9,-1.262671242864144
10,-1.5428618248611201
11,-1.8440204517414713
12,-2.1664245873912478
13,-2.5053694563184763
14,-2.8597010990165472
15,-3.2281090004530597
16,-3.605574888722913
17,-3.992140217641463
18,-4.382567521961391
19,-4.777082550727755
20,-5.170723087166607
21,-5.563886045891195
22,-5.953365669501181
23,-6.336730982668541
24,-6.714850692573691
25,-7.08484092058643
26,-7.448427352863746
27,-7.803653865189972
28,-8.152743714688768
29,-8.495514553520934
30,-8.832308260158243
31,-9.16578810346482
32,-9.49580939912994
33,-9.825157295148074
34,-10.153870304788143
35,-10.484386248904684
36,-10.817357274047481
37,-11.153010011973038
38,-11.493487143188304
39,-11.83791375392866
40,-12.188039911114629
41,-12.542555342851756
42,-12.90263874092625
43,-13.267378628396727
44,-13.635359887087361
45,-14.007481666834337
46,-14.381241526326448
47,-14.757295011665065
48,-15.133829133455038
49,-15.509047983453911
50,-15.883517820031557
51,-16.25473619091781
52,-16.623343489587114
53,-16.988026080161035
54,-17.3475815646334
55,-17.70321590086087
56,-18.056863530421197
57,-18.40833344529392
58,-18.758854327896643
59,-19.10774563531686
60,-19.454594233900025
61,-19.80049130107909
62,-20.14438956841559
63,-20.48735729200689
64,-20.82901334284952
65,-21.168880865843676
66,-21.508017599833238
67,-21.846015422928303
68,-22.182511201928264
69,-22.518486469324216
70,-22.853568081949106
71,-23.187400794835412
72,-23.520989949744035
73,-23.853876332399523
74,-24.185801767839166
75,-24.517684623595414
76,-24.84871461722105
77,-25.17977698179402
78,-25.510601327918266
79,-25.840774570178837
80,-26.17116158459794
81,-26.501457680892145
82,-26.831218081960742
83,-27.161370721727053
84,-27.4915169509336
85,-27.82122883668262
86,-28.151425104536884
87,-28.48165550155136
88,-28.81150449009283
89,-29.14187867681585
90,-29.472281063810897
91,-29.80231603879338
92,-30.132864156150845
93,-30.463395694737756
94,-30.79352943887625
95,-31.12412061657733
96,-31.454217537359455
97,-31.784663880529934
98,-32.11505914216241
99,-32.44485972316579
100,-32.7749247078159
