,0
0,0.0
1,-0.010540207226313214
2,-0.04131282484286203
3,-0.09292201728067084
4,-0.16478418614542534
5,-0.2549438277119407
6,-0.3650049990701518
7,-0.49162655640157027
8,-0.6361356347042602
9,-0.7967383626032642
10,-0.9699160691284305
11,-1.157731598425471
12,-1.357535601157906
13,-1.567283229919667
14,-1.783519271359637
15,-2.0091073984831382
16,-2.240142528574779
17,-2.4730116133036972
18,-2.7109234621157157
19,-2.9504031282767755
20,-3.188239607901778
21,-3.4275137528379673
22,-3.6658747968372154
23,-3.9025872786041873
24,-4.135685457920772
25,-4.36855825931525
26,-4.599792435380095
27,-4.829505632522796
28,-5.056712017084919
29,-5.284819007471924
30,-5.513122336345987
31,-5.742085037176366
32,-5.970972534935754
33,-6.203003130477555
34,-6.437494651322595
35,-6.674695862887347
36,-6.913503482200667
37,-7.156877398927918
38,-7.403649528971528
39,-7.65359449116977
40,-7.905056622549182
41,-8.160762049983077
42,-8.41899569694624
43,-8.679155080244982
44,-8.939247148406594
45,-9.201823008161682
46,-9.464980835833558
47,-9.728074279095381
48,-9.989216983485676
49,-10.250837034018332
50,-10.511398080331219
51,-10.770559275730193
52,-11.028097685954435
53,-11.282874463837288
54,-11.537480726674403
55,-11.7928169208094
56,-12.048603210975216
57,-12.303121629210636
58,-12.558622193856536
59,-12.814151952822158
60,-13.069642868642404
61,-13.325050614443626
62,-13.579411534093197
63,-13.834891729487936
64,-14.090508120052164
65,-14.346211018849317
66,-14.601008401147283
67,-14.856912366346023
68,-15.113116073190668
69,-15.36956022435379
70,-15.626204177781347
71,-15.88207378263678
72,-16.13924258521547
73,-16.396784513260627
74,-16.654635726069955
75,-16.912733494822533
76,-17.17016021993959
77,-17.428965931634593
78,-17.688152804865695
79,-17.947644169883006
80,-18.206403679180312
81,-18.46644722086512
82,-18.726888815341226
83,-18.987649219606737
84,-19.248637820850035
85,-19.508807308807718
86,-19.770245438323855
87,-20.031971371505733
88,-20.293892165033412
89,-20.555905598825575
90,-20.81700023477879
91,-21.07925688792284
92,-21.34164041684153
93,-21.604069295262434
94,-21.866440335406423
95,-22.12776321301135
96,-22.39008239721852
97,-22.652375707774354
98,-22.914543582955957
99,-23.176496408912953
100,-23.437297164352458
