,0
0,0.0
1,-0.002233564080455608
2,-0.008720873495661863
3,-0.019659998622984176
4,-0.03466034675852825
5,-0.054019141065964504
6,-0.07715293844114512
7,-0.10441140166435048
8,-0.1354191933153288
9,-0.16951504948178808
10,-0.20730489309733002
11,-0.2476187863253756
12,-0.2911482110494319
13,-0.3371162706347661
14,-0.3847296496976469
15,-0.43471032941883436
16,-0.48562986862120283
17,-0.5382538005414119
18,-0.5917647979351273
19,-0.6452678801392722
20,-0.6995721789411675
21,-0.7538690809201967
22,-0.8074187429072026
23,-0.8610229821188398
24,-0.9140393614833613
25,-0.9659219512061554
26,-1.0174523969801044
27,-1.0682341562310853
28,-1.1182313516628142
29,-1.1672595926112592
30,-1.2160707473991863
31,-1.2644387714535412
32,-1.312232907341098
33,-1.3602090485163671
34,-1.4082348135298446
35,-1.4561696715184098
36,-1.504706039556595
37,-1.5537320157070837
38,-1.6032938936301662
39,-1.653226735349989
40,-1.7041524128717356
41,-1.7557819489175017
42,-1.807808623345153
43,-1.8608440415589484
44,-1.914511937193339
45,-1.9683878102979975
46,-2.0230513500397933
47,-2.0780847535014857
48,-2.133305756896675
49,-2.1883260735091596
50,-2.2436600280855714
51,-2.2988367500954325
52,-2.353432936262749
53,-2.407989681578613
54,-2.462132269878822
55,-2.515598267734589
56,-2.568549513287138
57,-2.621662905615864
58,-2.6746512379472733
59,-2.7274758397665835
60,-2.7799290908887144
61,-2.8325050422568836
62,-2.884942343587568
63,-2.9370039484381607
64,-2.989152692537999
65,-3.0411964420779043
66,-3.0931111157700286
67,-3.1446854876389523
68,-3.196359302154633
69,-3.2479441188975215
70,-3.2994260397335324
71,-3.350609116215736
72,-3.4019119086908063
73,-3.453155850151745
74,-3.50432301338094
75,-3.5552357955103275
76,-3.6062938455314963
77,-3.6573201814406104
78,-3.70830107035502
79,-3.759062291879445
80,-3.8099931919967958
81,-3.860920140414322
82,-3.911827826070464
83,-3.9625380824209344
84,-4.01344123136937
85,-4.064360832666779
86,-4.115275572512388
87,-4.16600956636978
88,-4.216953162393139
89,-4.2679225780501895
90,-4.318896159776415
91,-4.369693021589342
92,-4.42070803831669
93,-4.4717507286187015
94,-4.5227981726986
95,-4.573663124391572
96,-4.624745827442069
97,-4.6758512196984725
98,-4.726953817856952
99,-4.7778603445612475
100,-4.828976567845615
