,0
0,0.0
1,-0.011167820402647521
2,-0.04360436747822405
3,-0.09829999311466509
4,-0.17330173379275493
5,-0.27009570532948146
6,-0.3857646922057256
7,-0.5220570083217808
8,-0.6770959665765304
9,-0.8475752474091678
10,-1.0365244654866501
11,-1.2380939316268496
12,-1.4557410552472447
13,-1.6855813531743706
14,-1.9236482484883481
15,-2.173551647093973
16,-2.428149343105815
17,-2.691269002707031
18,-2.958823989675693
19,-3.226339400696588
20,-3.497860894705923
21,-3.7693454046009265
22,-4.037093714536127
23,-4.305114910593829
24,-4.570196807416551
25,-4.829609756030777
26,-5.087261984900579
27,-5.341170781155483
28,-5.5911567583139
29,-5.836297963056154
30,-6.080353736995676
31,-6.322193857267621
32,-6.561164536705405
33,-6.801045242581722
34,-7.041174067649422
35,-7.280848357592049
36,-7.523530197783089
37,-7.76866007853539
38,-8.016469468151286
39,-8.266133676749973
40,-8.520762064358678
41,-8.778909744587509
42,-9.03904311672602
43,-9.304220207794629
44,-9.572559685966326
45,-9.841939051489703
46,-10.115256750199137
47,-10.390423767507286
48,-10.66652878448292
49,-10.941630367545713
50,-11.218300140428255
51,-11.494183750477305
52,-11.767164681313602
53,-12.039948407893121
54,-12.310661349394309
55,-12.577991338672973
56,-12.842747566435719
57,-13.108314528078836
58,-13.373256189736594
59,-13.637379198832718
60,-13.899645454443544
61,-14.162525211283992
62,-14.424711717938408
63,-14.685019742190889
64,-14.945763462690024
65,-15.20598221038938
66,-15.465555578849944
67,-15.72342743819479
68,-15.981796510773393
69,-16.23972059448738
70,-16.49713019866772
71,-16.75304558107848
72,-17.00955954345409
73,-17.265779250758555
74,-17.5216150669047
75,-17.776178977551353
76,-18.031469227657794
77,-18.286600907203137
78,-18.5415053517753
79,-18.795311459397112
80,-19.049965959983524
81,-19.30460070207164
82,-19.559139130352605
83,-19.81269041210487
84,-20.067206156846737
85,-20.32180416333381
86,-20.576377862561685
87,-20.830047831849356
88,-21.08476581196578
89,-21.339612890251146
90,-21.59448079888182
91,-21.848465107946822
92,-22.103540191583306
93,-22.358753643093564
94,-22.613990863493427
95,-22.868315621958118
96,-23.123729137210148
97,-23.37925609849242
98,-23.634769089284646
99,-23.889301722806067
100,-24.144882839228103
