,0
0,0.0
1,-0.005583943565966365
2,-0.021802310769089672
3,-0.04915028691630141
4,-0.08665137337618489
5,-0.135048655102878
6,-0.192883479073771
7,-0.2610300700736161
8,-0.3385500067218459
9,-0.42379019435480814
10,-0.5182654002676941
11,-0.6190507631650917
12,-0.7278750668193652
13,-0.8427959228415034
14,-0.9618302253617799
15,-1.0867827810765789
16,-1.2140824706402213
17,-1.3456432949244004
18,-1.4794217142095363
19,-1.6131803720346625
20,-1.7489421603031587
21,-1.884685362769062
22,-2.0185604746658896
23,-2.152572091111665
24,-2.2851139461911885
25,-2.4148212642070916
26,-2.5436483027038435
27,-2.6706035020901027
28,-2.795597168004349
29,-2.9181685254411605
30,-3.0401970729673735
31,-3.161117674344382
32,-3.280603548809154
33,-3.400544433966786
34,-3.5206092747818616
35,-3.6404467841034034
36,-3.7617881606513492
37,-3.8843534734154446
38,-4.008258445736601
39,-4.133090982342537
40,-4.2604055612304705
41,-4.389479703616587
42,-4.519546808093196
43,-4.652135812606446
44,-4.786305936588292
45,-4.920996042097727
46,-5.057655464014999
47,-5.195239475097992
48,-5.33329240273855
49,-5.470843870915132
50,-5.609179376878785
51,-5.747121717582445
52,-5.883612755120453
53,-6.020005316044262
54,-6.155362390685468
55,-6.289027513219139
56,-6.421406382506689
57,-6.554190444354106
58,-6.6866618062437055
59,-6.8187234932525485
60,-6.94985793102984
61,-7.08129797280543
62,-7.212391476758114
63,-7.342547269523209
64,-7.4729199107677005
65,-7.603028851622639
66,-7.732815581337491
67,-7.861753239488451
68,-7.990935984164139
69,-8.119901461575466
70,-8.248604551796177
71,-8.376564806663964
72,-8.504821707199369
73,-8.63293017624045
74,-8.760850702650657
75,-8.888132342891879
76,-9.01577543312635
77,-9.143342701888116
78,-9.270796784765764
79,-9.397698876273978
80,-9.525027406825586
81,-9.65234484791472
82,-9.779610722606492
83,-9.90638750512312
84,-10.033647608894398
85,-10.160944788095605
86,-10.288231713282983
87,-10.415067134932713
88,-10.542426703598608
89,-10.669849601725389
90,-10.797283658695108
91,-10.92427623854087
92,-11.051813841066632
93,-11.179420512664024
94,-11.307038619365073
95,-11.434201460425129
96,-11.561908564923726
97,-11.689671157758482
98,-11.817427460980468
99,-11.944695013822923
100,-12.072483792517573
