,0
0,0.0
1,-0.00022335640804982404
2,-0.0008720873495668968
3,-0.001965999862296286
4,-0.003466034675852825
5,-0.00540191410659574
6,-0.007715293844118065
7,-0.010441140166435048
8,-0.013541919331533592
9,-0.016951504948185203
10,-0.020730489309737976
11,-0.02476187863253898
12,-0.0291148211049439
13,-0.0337116270634894
14,-0.03847296496976682
15,-0.0434710329418877
16,-0.048562986862123125
17,-0.05382538005414261
18,-0.0591764797935177
19,-0.06452678801393219
20,-0.06995721789411746
21,-0.07538690809202464
22,-0.0807418742907231
23,-0.08610229821188398
24,-0.09140393614833542
25,-0.09659219512062478
26,-0.10174523969801541
27,-0.10682341562311137
28,-0.11182313516627929
29,-0.1167259592611245
30,-0.1216070747399165
31,-0.12644387714535554
32,-0.1312232907341091
33,-0.13602090485164098
34,-0.14082348135299227
35,-0.1456169671518417
36,-0.15047060395566803
37,-0.15537320157071477
38,-0.16032938936302443
39,-0.1653226735350053
40,-0.1704152412871771
41,-0.1755781948917523
42,-0.18078086233451884
43,-0.18608440415589556
44,-0.19145119371933106
45,-0.1968387810297969
46,-0.20230513500398217
47,-0.20780847535014857
48,-0.21333057568966396
49,-0.21883260735092236
50,-0.22436600280856922
51,-0.22988367500954965
52,-0.2353432936262756
53,-0.24079896815787194
54,-0.24621322698788717
55,-0.25155982677346245
56,-0.25685495132871594
57,-0.2621662905615807
58,-0.26746512379473586
59,-0.2727475839766633
60,-0.27799290908887286
61,-0.28325050422568765
62,-0.28849423435876886
63,-0.2937003948438175
64,-0.2989152692538042
65,-0.3041196442077947
66,-0.30931111157700997
67,-0.31446854876389096
68,-0.319635930215469
69,-0.32479441188975855
70,-0.32994260397336106
71,-0.3350609116215786
72,-0.3401911908690849
73,-0.3453155850151717
74,-0.350432301338099
75,-0.35552357955103275
76,-0.36062938455315674
77,-0.36573201814406886
78,-0.37083010703550556
79,-0.3759062291879438
80,-0.380999319199681
81,-0.3860920140414379
82,-0.39118278260706063
83,-0.396253808242097
84,-0.401344123136937
85,-0.40643608326668
86,-0.4115275572512367
87,-0.4166009566369837
88,-0.42169531623932244
89,-0.42679225780502605
90,-0.4318896159776422
91,-0.4369693021589356
92,-0.4420708038316725
93,-0.44717507286187086
94,-0.45227981726986854
95,-0.4573663124391629
96,-0.46247458274420694
97,-0.46758512196984725
98,-0.47269538178569803
99,-0.4777860344561269
100,-0.4828976567845622
