,0
0,0.0
1,-0.005583910201266917
2,-0.021802183739112024
3,-0.04914999655733254
4,-0.08665086689637747
5,-0.13504785266479757
6,-0.1928823461028628
7,-0.2610285041607767
8,-0.3385479832882652
9,-0.42378762370452705
10,-0.5182622327433819
11,-0.6190469658133679
12,-0.7278705276236792
13,-0.8427906765870716
14,-0.9618241242440604
15,-1.0867758235470433
16,-1.2140746715529076
17,-1.3456345013535156
18,-1.4794119948379603
19,-1.6131697003482373
20,-1.7489304473529614
21,-1.8846727023004632
22,-2.0185468572680065
23,-2.1525574552969715
24,-2.2850984037082185
25,-2.4148048780154454
26,-2.5436309924502325
27,-2.6705853905777985
28,-2.79557837915695
29,-2.918148981528134
30,-3.0401768684979515
31,-3.1610969286337536
32,-3.2805822683527026
33,-3.4005226212909747
34,-3.520587033824768
35,-3.640424178795911
36,-3.7617650988914875
37,-3.884330039267809
38,-4.008234734075586
39,-4.133066838374987
40,-4.260381032179339
41,-4.389454872293811
42,-4.5195215583628965
43,-4.652110103897371
44,-4.78627984298322
45,-4.920969525744908
46,-5.057628375099625
47,-5.1952118837537
48,-5.333264392241517
49,-5.4708151837728
50,-5.6091500702141275
51,-5.747091875238539
52,-5.883582340656972
53,-6.0199742039465605
54,-6.155330674697154
55,-6.288995669336487
56,-6.421373783217916
57,-6.554157264039532
58,-6.686628094868411
59,-6.818689599416473
60,-6.949822727221772
61,-7.081262605642166
62,-7.212355858969204
63,-7.342509871095558
64,-7.472881731345012
65,-7.602991105194917
66,-7.732777789425199
67,-7.861713719097452
68,-7.990898255386696
69,-8.11986029724386
70,-8.248565099333973
71,-8.376522790539354
72,-8.504779771727158
73,-8.632889625379335
74,-8.760807533452407
75,-8.888089488775847
76,-9.01573461382901
77,-9.143300453601682
78,-9.270752675887593
79,-9.397655729698442
80,-9.52498297999199
81,-9.652300351035876
82,-9.779569565176473
83,-9.906345206052436
84,-10.033603078423425
85,-10.160902081666904
86,-10.288188931281013
87,-10.415023915924735
88,-10.542382905983004
89,-10.669806445125744
90,-10.797240399440852
91,-10.924232553973468
92,-11.051770095791824
93,-11.179376821546896
94,-11.306995431746827
95,-11.434157810979116
96,-11.561864568605131
97,-11.68962804924621
98,-11.817384544642323
99,-11.944650861403204
100,-12.072441419614165
