,0
0,0.0
1,-0.015706204968978454
2,-0.06275931495122222
3,-0.14117914350617866
4,-0.2500695916208997
5,-0.3891440192104483
6,-0.5577692943716102
7,-0.7557749373379465
8,-0.9807364806282521
9,-1.232192852214439
10,-1.5089602266144766
11,-1.810526603021458
12,-2.1331451954646354
13,-2.476175802329749
14,-2.839052157610581
15,-3.2170746457846917
16,-3.6093388786224523
17,-4.015113753550395
18,-4.429099434621207
19,-4.850313463670545
20,-5.277757145466353
21,-5.705991209466788
22,-6.1356019253955765
23,-6.561445446583548
24,-6.984028732529396
25,-7.399102346645009
26,-7.806247455253015
27,-8.205217724903605
28,-8.593210111473013
29,-8.971654143867681
30,-9.339656017989455
31,-9.696934256380814
32,-10.045833488258268
33,-10.386014495293352
34,-10.720256556020331
35,-11.048729187529489
36,-11.374342796810879
37,-11.697435464140085
38,-12.020791206753415
39,-12.34460874960098
40,-12.671377034374814
41,-13.000934534241765
42,-13.335384165219807
43,-13.674085770586771
44,-14.018714415603768
45,-14.368123145088134
46,-14.72354909957187
47,-15.083371871314966
48,-15.448417610396177
49,-15.81665388889212
50,-16.188578284277355
51,-16.561816873160296
52,-16.936683504863254
53,-17.310557153508285
54,-17.683747937720455
55,-18.044315824961586
56,-18.400385534967086
57,-18.75412691080328
58,-19.10692192832164
59,-19.457178787039652
60,-19.80619819735216
61,-20.153151921722042
62,-20.497421153748178
63,-20.84013949257246
64,-21.17998480937956
65,-21.518174417434125
66,-21.85345899304616
67,-22.18693553095011
68,-22.518043103481773
69,-22.846288955878094
70,-23.172708658939655
71,-23.496296677346322
72,-23.818081967906096
73,-24.13757193862807
74,-24.454459552150638
75,-24.769642171564442
76,-25.08231678538823
77,-25.39339714659343
78,-25.702521821332198
79,-26.00949825212615
80,-26.315037603804853
81,-26.618562666749767
82,-26.920838264859526
83,-27.221605008354345
84,-27.52068505036266
85,-27.81877501324277
86,-28.11531147375331
87,-28.41102766349354
88,-28.705692810887854
89,-28.99910434336948
90,-29.291943617881998
91,-29.58363124147195
92,-29.874902903998418
93,-30.16521960518014
94,-30.455188257489795
95,-30.744644006167846
96,-31.03328544230135
97,-31.32180610308785
98,-31.609645302784998
99,-31.89740451628188
100,-32.18487288028598
