,0
0,0.0
1,-0.0027919551006334586
2,-0.010901091869556012
3,-0.02457499827866627
4,-0.04332543344818873
5,-0.06752392633239879
6,-0.0964411730514314
7,-0.13051425208038836
8,-0.1692739916441326
9,-0.21189381185226352
10,-0.25913111637169095
11,-0.30952348290668397
12,-0.3639352638118396
13,-0.4213953382935358
14,-0.4809120621220302
15,-0.5433879117735216
16,-0.6070373357764538
17,-0.6728172506767578
18,-0.7397059974189801
19,-0.8065848501741186
20,-0.8744652236764807
21,-0.9423363511502316
22,-1.0092734286340033
23,-1.0762787276484858
24,-1.1425492018541092
25,-1.2074024390077227
26,-1.2718154962251162
27,-1.3352926952888993
28,-1.397789189578475
29,-1.459074490764067
30,-1.5200884342489758
31,-1.5805484643168768
32,-1.6402911341763513
33,-1.7002613106454874
34,-1.760293516912384
35,-1.8202120893979554
36,-1.8808825494457437
37,-1.9421650196339044
38,-2.004117367037793
39,-2.0665334191874933
40,-2.1301905160896695
41,-2.1947274361469056
42,-2.2597607791814482
43,-2.3260550519486856
44,-2.39313992149161
45,-2.460484762872454
46,-2.5288141875498127
47,-2.59760594187685
48,-2.6666321961207586
49,-2.7354075918864
50,-2.8045750351070637
51,-2.8735459376192694
52,-2.941791170328486
53,-3.0099871019732802
54,-3.077665337348577
55,-3.1444978346682433
56,-3.210686891608958
57,-3.277078632019766
58,-3.3433140474342053
59,-3.4093447997082365
60,-3.474911363610886
61,-3.540631302821083
62,-3.606177929484602
63,-3.671254935547779
64,-3.736440865672506
65,-3.8014955525974585
66,-3.8663888947125997
67,-3.930856859548726
68,-3.995449127693348
69,-4.05993014862193
70,-4.124282549666987
71,-4.188261395269677
72,-4.252389885863579
73,-4.316444812689667
74,-4.380403766726204
75,-4.444044744387924
76,-4.507867306914505
77,-4.571650226800841
78,-4.635376337943796
79,-4.698827864849221
80,-4.762491489995995
81,-4.826150175517938
82,-4.889784782588237
83,-4.953172603026218
84,-5.016801539211713
85,-5.080451040833452
86,-5.1440944656405065
87,-5.207511957962367
88,-5.271191452991502
89,-5.334903222562872
90,-5.398620199720426
91,-5.462116276986734
92,-5.525885047895912
93,-5.589688410773448
94,-5.653497715873414
95,-5.717078905489558
96,-5.7809322843025654
97,-5.844814024623105
98,-5.9086922723211615
99,-5.972325430701602
100,-6.036220709807083
