,0
0,0.0
1,-0.0037226068008635593
2,-0.014534789159426964
3,-0.032766664371592924
4,-0.05776724459758498
5,-0.09003190177656961
6,-0.12858823073526082
7,-0.17401900277394589
8,-0.22569865552554802
9,-0.2825250824696468
10,-0.34550815516234934
11,-0.4126979772090067
12,-0.48524701841574824
13,-0.5618604510580667
14,-0.6412160828293736
15,-0.7245172156980288
16,-0.809383114368643
17,-0.8970896675689914
18,-0.9862746632252879
19,-1.0754464668988248
20,-1.1659536315686978
21,-1.2564484682003467
22,-1.3456979048453945
23,-1.4350383035313143
24,-1.5233989358055169
25,-1.6098699186770205
26,-1.6957539949669354
27,-1.7803902603851043
28,-1.8637189194379857
29,-1.9454326543520892
30,-2.0267845789985586
31,-2.1073979524225024
32,-2.1870548455684684
33,-2.2670150808606877
34,-2.3470580225497883
35,-2.426949452530664
36,-2.507843399260935
37,-2.5895533595119105
38,-2.672156489383724
39,-2.75537789225001
40,-2.8402540214528926
41,-2.926303248195836
42,-3.013014372241969
43,-3.1014067359316186
44,-3.1908532286554987
45,-3.2806463504966246
46,-3.371752250066379
47,-3.4634745891691523
48,-3.555509594827754
49,-3.6472101225152755
50,-3.7394333801427138
51,-3.831394583492454
52,-3.922388227104591
53,-4.0133161359644305
54,-4.103553783131417
55,-4.192663779557677
56,-4.280915855478554
57,-4.369438176026335
58,-4.457752063245437
59,-4.5457930662776675
60,-4.633215151481181
61,-4.720841737094702
62,-4.808237239312746
63,-4.895006580730296
64,-4.981921154230008
65,-5.068660736796517
66,-5.155185192950114
67,-5.241142479398263
68,-5.32726550359115
69,-5.413240198162498
70,-5.499043399555944
71,-5.5843485270261795
72,-5.669853181151325
73,-5.75525975025289
74,-5.840538355634976
75,-5.925392992517175
76,-6.010489742552522
77,-6.095533635734398
78,-6.180501783924967
79,-6.265103819799037
80,-6.349988653327898
81,-6.434866900690508
82,-6.519713043450793
83,-6.60423013736812
84,-6.6890687189488744
85,-6.773934721111289
86,-6.858792620853933
87,-6.943349277283062
88,-7.028255270655279
89,-7.113204296750382
90,-7.1981602662939395
91,-7.282821702648903
92,-7.367846730527845
93,-7.452917881031226
94,-7.537996954497771
95,-7.622771873985982
96,-7.707909712403364
97,-7.793085366164007
98,-7.878256363094806
99,-7.963100574268708
100,-8.048294279742606
