,0
0,0.0
1,-0.002256259550449613
2,-0.008700896451387052
3,-0.019505104899167236
4,-0.034678354190361915
5,-0.0540498285683384
6,-0.0766892434754709
7,-0.10369466632892
8,-0.13440688217906427
9,-0.16845578010179452
10,-0.2045717839219492
11,-0.2444573183940406
12,-0.28693616090049545
13,-0.33155308377519077
14,-0.3768990560501493
15,-0.42494330490814036
16,-0.47430286623932716
17,-0.5245592184657539
18,-0.5743355752657067
19,-0.6255988101671619
20,-0.677112690298884
21,-0.7286003598902084
22,-0.7798396638726786
23,-0.829874215840789
24,-0.8805115630340197
25,-0.9308166092205283
26,-0.9807545004555323
27,-1.0303357555517891
28,-1.0789616084907152
29,-1.1282214374789419
30,-1.177520034978727
31,-1.226949520503581
32,-1.2766023724856268
33,-1.3259543865124783
34,-1.3764690001567033
35,-1.4276185192948674
36,-1.4794437679395287
37,-1.5319547779624827
38,-1.584474388237993
39,-1.6384594495081046
40,-1.693231122607699
41,-1.7487062346842777
42,-1.8047744963213859
43,-1.860596179514232
44,-1.9176452501580457
45,-1.975102270190348
46,-2.0328171268029678
47,-2.090639525511051
48,-2.147725390157291
49,-2.2054792714455402
50,-2.263145648127363
51,-2.3206234060670567
52,-2.377834274843792
53,-2.43472530648512
54,-2.490690079288413
55,-2.547351318068422
56,-2.6041410795973547
57,-2.6609520970009726
58,-2.7177609609966
59,-2.7745461320088793
60,-2.8307947302529897
61,-2.8876618089602744
62,-2.9445792324567606
63,-3.0015312172393465
64,-3.058498839025276
65,-3.1149552950697625
66,-3.171984045515842
67,-3.229105266660099
68,-3.286306503737478
69,-3.3435696610280843
70,-3.400879289551483
71,-3.4577241118706183
72,-3.515174619406139
73,-3.572740518674493
74,-3.6304077511572928
75,-3.6881586291954136
76,-3.745975730362545
77,-3.8033508596953425
78,-3.8613560656356753
79,-3.91948900285621
80,-3.9777307687359666
81,-4.03606203129425
82,-4.0944605866413895
83,-4.152414055760232
84,-4.211007961120345
85,-4.269722183915462
86,-4.328535429853844
87,-4.387424918287024
88,-4.446365394531597
89,-4.504838518340591
90,-4.563941332149568
91,-4.623141449018192
92,-4.682414787426296
93,-4.741737027734473
94,-4.801083230441748
95,-4.859928758085061
96,-4.919371222440077
97,-4.978876620095093
98,-5.038422630081243
99,-5.09798409553764
100,-5.157537092261805
