,0
0,0.0
1,-0.000950452800225321
2,-0.00371100999814189
3,-0.008365956860842516
4,-0.014749083727039647
5,-0.022986868538694694
6,-0.0328310376345371
7,-0.04443038368695795
8,-0.05762518864480626
9,-0.07213406360928332
10,-0.08821484812652614
11,-0.10536969630867077
12,-0.1238928557657033
13,-0.1434537321850371
14,-0.1637147445521947
15,-0.1849831189016271
16,-0.20665100792390945
17,-0.22904417044314584
18,-0.2518148076319875
19,-0.2745820766550082
20,-0.29769028891114147
21,-0.32079535358307965
22,-0.3435824437903108
23,-0.3663927583484252
24,-0.3889529197801238
25,-0.41103061753456416
26,-0.4329584668000592
27,-0.454567726055771
28,-0.4758431283671598
29,-0.49670620962182
30,-0.5174769137868651
31,-0.5380590516823673
32,-0.5583969818472667
33,-0.5788123610707885
34,-0.5992488568212195
35,-0.619646668731221
36,-0.6403004423645058
37,-0.6611625598753648
38,-0.6822527206937252
39,-0.7035007384468202
40,-0.7251712395198808
41,-0.747141254858505
42,-0.7692802652532862
43,-0.7918485283229728
44,-0.8146859307205574
45,-0.8376118341693513
46,-0.8608729149105727
47,-0.8842913844687104
48,-0.9077896837858077
49,-0.9312025844719756
50,-0.9547489481215621
51,-0.9782284042959333
52,-1.0014608239416134
53,-1.0246764602462406
54,-1.0477158595229241
55,-1.0704673479721833
56,-1.0929997928881505
57,-1.1156012364322407
58,-1.1381494629562923
59,-1.1606280169219616
60,-1.1829485493143181
61,-1.205321294577388
62,-1.22763503982452
63,-1.2497889142290148
64,-1.2719798691651079
65,-1.294126145565059
66,-1.3162174960723547
67,-1.3381640372931543
68,-1.360152894533897
69,-1.382103880381905
70,-1.404011080737689
71,-1.4257911132832959
72,-1.4476220888046072
73,-1.4694280213411588
74,-1.4912012822897651
75,-1.512866295961814
76,-1.534593125758093
77,-1.5563064601874856
78,-1.5780004554702316
79,-1.599600975267819
80,-1.6212736987220353
81,-1.6429447406018483
82,-1.6646075855619387
83,-1.686186418051463
84,-1.7078473324976073
85,-1.7295152479432971
86,-1.7511810946861175
87,-1.7727700282424763
88,-1.79444815420986
89,-1.8161372672553995
90,-1.8378281530963534
91,-1.859443838974201
92,-1.881152356730496
93,-1.9028726504760414
94,-1.9245949671058327
95,-1.9462396274007006
96,-1.9679769478476743
97,-1.989723923275946
98,-2.01146970972637
99,-2.033132061515417
100,-2.0548836458917634
