,0
0,0.0
1,-0.0006282481987582855
2,-0.002510372598052868
3,-0.005647165740246152
4,-0.01000278366484153
5,-0.0155657607684212
6,-0.0223107717748654
7,-0.030230997493525535
8,-0.03922945922513321
9,-0.04928771408858523
10,-0.06035840906458034
11,-0.07242106412085647
12,-0.08532580781858456
13,-0.09904703209319266
14,-0.11356208630443021
15,-0.12868298583138937
16,-0.14437355514489525
17,-0.1606045501420148
18,-0.17716397738484702
19,-0.19401253854682565
20,-0.21111028581865554
21,-0.22823964837867194
22,-0.24542407701582647
23,-0.26245781786334277
24,-0.27936114930117384
25,-0.2959640938657948
26,-0.31224989821011917
27,-0.3282087089961436
28,-0.3437284044589255
29,-0.3588661657547121
30,-0.37358624071958246
31,-0.38787737025523583
32,-0.40183333953033795
33,-0.41544057981173665
34,-0.4288102622408161
35,-0.4419491675011784
36,-0.4549737118724373
37,-0.46789741856560596
38,-0.48083164827014
39,-0.4937843499840433
40,-0.5068550813749901
41,-0.5200373813696757
42,-0.5334153666087964
43,-0.5469634308234781
44,-0.5607485766241531
45,-0.5747249258035225
46,-0.5889419639828759
47,-0.6033348748526066
48,-0.6179367044158433
49,-0.6326661555556932
50,-0.6475431313710978
51,-0.6624726749264163
52,-0.677467340194525
53,-0.6924222861403315
54,-0.707349917508818
55,-0.7217726329984586
56,-0.7360154213986831
57,-0.7501650764321255
58,-0.7642768771328647
59,-0.7782871514815852
60,-0.7922479278940919
61,-0.8061260768688818
62,-0.8198968461499305
63,-0.8336055797028905
64,-0.8471993923751882
65,-0.8607269766973644
66,-0.8741383597218473
67,-0.8874774212380032
68,-0.9007217241392738
69,-0.9138515582351232
70,-0.9269083463575818
71,-0.9398518670938607
72,-0.9527232787162312
73,-0.9655028775451306
74,-0.9781783820860142
75,-0.9907856868625871
76,-1.003292671415526
77,-1.0157358858637338
78,-1.0281008728532939
79,-1.0403799300850487
80,-1.052601504152193
81,-1.0647425066699974
82,-1.076833530594378
83,-1.0888642003341786
84,-1.1008274020145095
85,-1.1127510005297054
86,-1.124612458950125
87,-1.136441106539742
88,-1.1482277124355136
89,-1.1599641737347817
90,-1.1716777447152857
91,-1.1833452496588777
92,-1.1949961161599312
93,-1.2066087842072122
94,-1.218207530299594
95,-1.2297857602467133
96,-1.2413314176920522
97,-1.252872244123516
98,-1.2643858121114029
99,-1.27589618065128
100,-1.28739491521144
